1900G010                                                                            Alabama                                                                         010          907614   906491     9150     5442   916764   911933   386735   129002    10759     4187    47676    54895    49091     2227    68918     9698   102779      791     1313   338707   338605  1828697  1828697
1900G025                                                                            Alaska Territory                                                                025           34127    16804    11745      916    45872    17720      354       13      620      113    10803     1604     2464       44    15466     1854      141       52      572    22546        6    63592    63592
1900G045                                                                            Arizona Territory                                                               045           55893    42805    15902     8331    71795    51136    13904     2270     1682      505     9486     1780     7491      241    14021     1990     1266     1830     7552    16659      211   122931   122931
1900G050                                                                            Arkansas                                                                        050          666307   630968     9005     5284   675312   636252   298141    47338     9958     3078    33343    23032    33949     1421    32551     2984    74828     1208     1124   113495   113453  1311564  1311564
1900G060                                                                            California                                                                      060          580294   537519   240237   127003   820531   664522   147504     4867    28307    13540   110633    35691   127479    13133   142422    20691     4983     3337    27267    23372     1211  1485053  1485053
1900G080                                                                            Colorado                                                                        080          239284   209261    56048    35107   295332   244368    43747     1157     9605     4178    27970    13731    43123     3982    65852     4918     7920      772     7264     1823      962   539700   539700
1900G090                                                                            Connecticut                                                                     090          330756   339454   123538   114672   454294   454126    43247     1549    10327     6642    45022    30295    61656    10058   136719    40095     1958     1720    37723     1572     1441   908420   908420
1900G100                                                                            Delaware                                                                        100           86556    84369     7602     6208    94158    90577    18494      508     1878      911    10587     6425    10172     1315    18893     3813     5840      232     2476     8983     8967   184735   184735
1900G110                                                                            District Of Columbia                                                            110          121275   137324    10729     9390   132004   146714     1440       48     7034     2386    23527    25349    32640     7913    21139     5465      975      163     1342    17548    17462   278718   278718
1900G120                                                                            Florida                                                                         120          261646   243064    13600    10232   275246   253296    75608    13080     5007     2108    32413    17919    22288      902    28673     3572    16470      569     2145    65101    64816   528542   528542
1900G130                                                                            Georgia                                                                         130         1095598  1108330     7603     4800  1103201  1113130   422530   100318    15499     6662    73709    89445    67296     3627    66898    18487    99948      483      833   379156   379067  2216331  2216331
1900G155                                                                            Hawaii Territory                                                                155           33478    29743    72891    17889   106369    47632    53380     2676     1294      448    14221     1993     6668      182     8484      826     1768      429     5344    34799       34   154001   154001
1900G160                                                                            Idaho                                                                           160           76178    60990    17189     7415    93367    68405    26780      709     1928      845     8859     1913     7635      368    12965      681      633      229     1305     3338       37   161772   161772
1900G170                                                                            Illinois                                                                        170         1953310  1901493   519472   447275  2472782  2348768   450614    12167    63812    32509   243505   122837   346144    50902   405319    76231    48680     9357    86668    13253    12903  4821550  4821550
1900G178                                                                            Indian Territory                                                                178          205647   181555     3305     1553   208952   183108    86894     5524     3394      915    10589     4623    10513      361    10104      793    28496      595      889    22072    11242   392060   392060
1900G180                                                                            Indiana                                                                         180         1206681  1167660    78723    63398  1285404  1231058   332840     9893    29492    12981   118113    50478   125081    13464   176711    29900    57137     6663    16059    10680    10594  2516462  2516462
1900G190                                                                            Iowa                                                                            190          985840   940093   171009   134911  1156849  1075004   363472     8132    23529    23285    73827    43350   118186    10820   103507    21296    12494     4028    21431     2219     1962  2231853  2231853
1900G200                                                                            Kansas                                                                          200          696382   647428    72334    54351   768716   701779   264618     6634    16146    10614    44837    22126    64702     6169    61866    10028    10064     2101    10604     9744     9230  1470495  1470495
1900G210                                                                            Kentucky                                                                        210         1063697  1033228    26530    23719  1090227  1056947   390226    17959    18934     7568    73643    53536    77051     6831    87055    19728   166822     2502     5444    88186    88137  2147174  2147174
1900G220                                                                            Louisiana                                                                       220          665038   663684    29695    23208   694733   686892   227614    67831     8936     4065    68920    46698    54259     3354    45453     8963    78899     3328    14324   284594   284028  1381625  1381625
1900G230                                                                            Maine                                                                           230          302770   298366    48225    45105   350995   343471    73791     3132     7262     6659    36543    18241    38508     4709    68743    19189     6880     4514    17195      471      155   694466   694466
1900G240                                                                            Maryland                                                                        240          541577   552533    47698    46236   589275   598769    92014     3540    13266     6088    68689    50898    82102     9265   103684    29192    23837     2595    12262    63253    63033  1188044  1188044
1900G250                                                                            Massachusetts                                                                   250          958857  1000165   408617   437707  1367474  1437872    64669     1882    37300    23303   124812   106191   238530    44944   414063   152713     3912     6827   119582     3722     2853  2805346  2805346
1900G260                                                                            Michigan                                                                        260          952866   926463   296039   245614  1248905  1172077   303559     8903    24269    16473   125146    56885   126328    17147   192997    34283    12154    10123    54399     3806     1426  2420982  2420982
1900G270                                                                            Minnesota                                                                       270          644722   601354   287768   217550   932490   818904   252129     6815    17112    13104    77074    47830   102273    10645   100358    18534     1556     4782    42142     4466      337  1751394  1751394
1900G280                                                                            Mississippi                                                                     280          776106   767183     5345     2636   781451   769819   362551   128031     8121     4813    36088    39124    34127     1514    25879     4875    35432      606      806   314617   313312  1551270  1551270
1900G290                                                                            Missouri                                                                        290         1475593  1414693   120117    96262  1595710  1510955   447315    15978    35627    15629   121032    68720   180383    18354   182509    35845    89203     7202    19944    36495    36390  3106665  3106665
1900G300                                                                            Montana                                                                         300          102246    74016    47596    19471   149842    93487    28149      544     3490     1380    18629     5469    20078      962    34644     1454      406      346     4264     6659      152   243329   243329
1900G310                                                                            Nebraska                                                                        310          464665   424288    99927    77420   564592   501708   182338     4249    11872     9367    35812    19336    56385     5506    40947     8158     3311     1406    11911     1369      633  1066300  1066300
1900G320                                                                            Nevada                                                                          320           18081    14161     7522     2571    25603    16732     5753      137      682      408     3894     1027     2788      118     4692      310       81       52      641     3871       29    42335    42335
1900G330                                                                            New Hampshire                                                                   330          160866   162615    44513    43594   205379   206209    37224     1558     4248     3517    18436    12140    23020     2631    54033    21912     2085     1755    17126      109       70   411588   411588
1900G340                                                                            New Jersey                                                                      340          717022   734763   224738   207146   941760   941909    67035     1846    24185    10555   107400    60516   160332    19479   244285    62126    13511     3520    59307    10320     9882  1883669  1883669
1900G355                                                                            New Mexico Territory                                                            355           95616    86069     8612     5013   104228    91082    26273      941     1648      470    16108     3370     7008      200     8673     1329    32532     1993     4397     8049      271   195310   195310
1900G360                                                                            New York                                                                        360         2651815  2716654   962965   937460  3614780  3654114   363619    12371   107689    51704   407834   265540   656970    96190   788317   246240    29188    18162   258423    12327     9180  7268894  7268894
1900G370                                                                            North Carolina                                                                  370          935883   953435     2794     1698   938677   955133   385187    74119    10270     4742    52794    55439    41321     1936    67009    23925   175325      320      262   210344   208132  1893810  1893810
1900G380                                                                            North Dakota                                                                    380          110987    95068    66506    46585   177493   141653    69849     1777     2850     2102     9234     8049    13359      701     8256     1463      279      784     8432     3224       31   319146   319146
1900G390                                                                            Ohio                                                                            390         1855372  1843439   247283   211451  2102655  2054890   399909    14753    52113    25007   207041    99392   249936    33996   390882    72923    56416    10739    50155    14231    14107  4157545  4157545
1900G405                                                                            Oklahoma Territory                                                              405          204859   177792     9500     6180   214359   183972    91513     3418     3672     1539     8641     3547    10827      709     7785     1044     5788      491     1268     8227     3628   398331   398331
1900G410                                                                            Oregon                                                                          410          187495   160293    45490    20258   232985   180551    56930     1560     6680     3366    29249     7485    26298     2434    32043     3592     1745      435     2207     6299       89   413536   413536
1900G420                                                                            Pennsylvania                                                                    420         2650543  2666322   553998   431252  3204541  3097574   331119    10593    70674    32337   391121   175050   402016    52830   822122   160727    71384    15988   191706    20298    19532  6302115  6302115
1900G440                                                                            Rhode Island                                                                    440          144340   149697    66176    68343   210516   218040    10673      284     4924     2937    21342    13558    31512     5531    71378    29784     1196     2518    24157     1133     1063   428556   428556
1900G450                                                                            South Carolina                                                                  450          661610   673178     3285     2243   664895   675421   278614   115079     6836     3595    33732    45063    27794     1551    42669    16062    54177      198      344   283940   283883  1340316  1340316
1900G460                                                                            South Dakota                                                                    460          165038   148024    51126    37382   216164   185406    80696     2161     4322     3555     9743     7078    14322      952    12429     1898      432      772     5835     7793       51   401570   401570
1900G470                                                                            Tennessee                                                                       470         1010793   992077    10431     7315  1021224   999392   379443    33963    16452     5783    71842    60939    73993     4092    69653    11427   156342     1054     1690   147844   147784  2020616  2020616
1900G480                                                                            Texas                                                                           480         1476525  1392828   102375    76982  1578900  1469810   585394    59240    29175    11032   101821    54592   106498     5114    69753    10414    70006    25000    51481   167531   167138  3048710  3048710
1900G490                                                                            Utah                                                                            490          114014   108958    27673    26104   141687   135062    28401     1013     3235     1432    11497     4519    12735     1360    17972     2440      648      460     3167     1866       37   276749   276749
1900G500                                                                            Vermont                                                                         500          150582   148312    24556    20191   175138   168503    48352     1468     3645     3371    12842    10186    17238     1651    30104     6076     3231     3703     9205      108       99   343641   343641
1900G510                                                                            Virginia                                                                        510          913511   921212    12386     7075   925897   928287   277594    22674    13632     7732    82188    74408    69761     4205    93708    16513    95583      534     2043   213960   213836  1854184  1854184
1900G530                                                                            Washington                                                                      530          228184   178555    75994    35370   304178   213925    59159     1954     8926     3566    40685     8956    40460     2725    55376     3580      978      396     4546     6820      259   518103   518103
1900G540                                                                            West Virginia                                                                   540          485018   451331    14224     8227   499242   459558   146142     5580     8527     3187    41145    15107    36016     2168    62672     5119    63008     1273     4730    11094    11083   958800   958800
1900G550                                                                            Wisconsin                                                                       550          784937   768134   282625   233346  1067562  1001480   261450     8557    17931    14335    97314    51177    92869    12391   146827    29687     3689    10300    56396     3394      250  2069042  2069042
1900G560                                                                            Wyoming                                                                         560           45769    29347    12415     5000    58184    34347    13177      230     1079      530     8821     1494     9074      249     9113      501      257       91     1349     1181      141    92531    92531
1900G999                                                                            Persons in the Military                                                         999           75267      584    15286       82    90553      666       31        0     3507       16    84381      119     1910        1      359        6      377       56      120      584      486    91219    91219